1010
1020
1023
1032
1041
1100
1101
1102
1103
1104
1108
1109
1110
1150
1200
1213
1250
1280
1300
1400
1500
1560
1600
1700
1800
1900
2000
2030
2040
2100
2101
2200
2202
2300
2380
2390
2395
2400
2410
2420
2424
2427
2428
2435
2437
2440
2450
2460
2470
2480
2485
2490
2499
2500
2545
2550
2600
2700
2748
2749
2750
2751
2752
2753
2800
2905
2950
2999
3000
3100
3170
3171
3185
3200
3201
3251
3300
3451
3500
3510
3550
3555
3557
3560
3590
3600
3610
3750
3800
3980
3990
4000
4011
4020
4025
4030
4040
4041
4050
4051
4060
4070
4075
4080
4090
4101
4102
4125
4128
4150
4151
4152
4153
4154
4155
4156
4157
4158
4160
4170
4195
4196
4200
4203
4204
4205
4300
4401
4402
4403
4404
4405
4700
4750
4751
4752
4800
4850
5000
5300
5389
5390
5391
5395
5400
5402
5410
5420
5430
5440
5500
5600
5980
5990
6000
6005
6010
6100
6561
6600
7000
7500
8000
9000
9500
9600
9770
9780
9790
9800
9810
9820
9830
9840
9850
9860
9870
9880
9890
9900
9910
9920
9930
9940
9950
9960
9970
9980
9990
9999
10080
10800
12000
12500
12750
14000
15000
15051
16000
16383
20000
22000
25000
26000
27500
30000
32000
33000
35000
37500
38000
40000
45000
48000
50000
60000
72000
80000
90000
99994
99995
99997
99998
99999
120000
150000
180000
240000
300000
350000
360000
400000
420000
450000
480000
500000
540000
600000
700000
720000
900000
999999
1.08e+06
1.2e+06
1.8e+06
2.5e+06
2.7e+06
3.6e+06
4.8e+06
7.2e+06
9.999999e+06
1.368e+07
1.6777215e+07
1.8e+07
3.6e+07
4.4319114e+07
3.6e+08
4.17235213e+08
4.61845907e+08
5.25214866e+08
5.42327876e+08
8.37825001e+08
9.67525656e+08
1.08e+09
1.26e+09
1.384745e+09
2.074307015e+09
2.147483647e+09
2.246822507e+09
2.834544218e+09
3.266489909e+09
3.432918353e+09
3.864292196e+09
